<?xml version="1.0"?>
<opencv_storage>
<Camera><Calibrated>1</Calibrated>
  <Matrix type_id="opencv-matrix">
    <rows>3</rows>
    <cols>3</cols>
    <dt>d</dt>
    <data>
      1.7589826222527299e+03 0. 6.3064779508838876e+02 0.
       1.7589313253721814e+03 4.8603540171877137e+02 0. 0. 1.</data></Matrix>
  <Distortion type_id="opencv-matrix">
    <rows>1</rows>
    <cols>5</cols>
    <dt>d</dt>
    <data>
      7.6461695619355688e-02 -1.4444329653882753e+00
       -7.4330334670399808e-03 6.5659486385471321e-03
       8.6201652838360978e+00</data></Distortion>
  <Translation type_id="opencv-matrix">
    <rows>3</rows>
    <cols>1</cols>
    <dt>d</dt>
    <data>
      0. 0. 0.</data></Translation>
  <Rotation type_id="opencv-matrix">
    <rows>3</rows>
    <cols>3</cols>
    <dt>d</dt>
    <data>
      1. 0. 0. 
	  0. 1. 0.
      0. 0. 1.</data></Rotation>
  <Height>1280</Height>
  <Width>1024</Width></Camera>
</opencv_storage>
