<?xml version="1.0"?>
<opencv_storage>
<Camera><Calibrated>1</Calibrated>
  <Matrix type_id="opencv-matrix">
    <rows>3</rows>
    <cols>3</cols>
    <dt>d</dt>
    <data>
      1.0122775985794980e+03 0. 7.5711495390174150e+02 0.
       1.0039039010416332e+03 6.2706455277247653e+02 0. 0. 1.
	</data>
  </Matrix>
  <Distortion type_id="opencv-matrix">
    <rows>1</rows>
    <cols>5</cols>
    <dt>d</dt>
    <data>
      -3.7730327375276165e-02 2.6902292546663226e-01
       -6.0997788112951588e-03 -3.9536628356021978e-03
       2.8255205062395868e+02
	</data>
  </Distortion>
  <Translation type_id="opencv-matrix">
    <rows>3</rows>
    <cols>1</cols>
    <dt>d</dt>
    <data>
      -7.2716403151273630e+00 -1.2775921053912212e-01
       1.1808334182757318e+00
	</data>
  </Translation>
  <Rotation type_id="opencv-matrix">
    <rows>3</rows>
    <cols>3</cols>
    <dt>d</dt>
    <data>
      9.7797888831456659e-01 -8.6805325748920310e-03
       2.0852324178666715e-01 1.2368170648013495e-02
       9.9978922221037847e-01 -1.6387175070402275e-02
       -2.0833704031166955e-01 1.8605362296462671e-02
       9.7788011439439304e-01</data></Rotation>
  <Height>1280</Height>
  <Width>1024</Width></Camera>
</opencv_storage>
